[DEFAULT]
Crosshair = true
Shape = 0
Shape_Size_X = 5.000000
Shape_size_Y = 7.000000
Gap = true
Gap_Size = 4.000000
Outline = false
Color_R = 1.000000
Color_G = 0.000000
Color_B = 0.000000
Color_A = 1.000000
Outline_Color_R = 1.000000
Outline_Color_G = 0.000000
Outline_Color_B = 0.000000
Outline_Color_A = 0.000000